Triangle  1584
3.22509,-0.537589
1.74006,-0.42978
0.506889,1.17116
-1.83947,0.74857
-0.0984167,0.244452
1.27597,-1.95144

Triangle  1585
1.74006,-0.42978
1.01253,-0.326476
0.144735,1.08385
-0.0984167,0.244452
0.755338,-0.0226401
1.90642,-1.951

Triangle  1586
1.85243,-0.022549
1.07276,0.257963
0.618343,1.95041
1.01253,-0.326476
0.117281,-0.184161
-0.400921,1.02297

Triangle  1587
1.07276,0.257963
0.216888,-0.0877566
0.0557639,1.51919
1.7958,-1.39706
0.461711,-1.40718
0.408338,0.14918

Triangle  1588
0.216888,-0.0877566
-0.436056,-0.403531
-0.644314,1.05069
1.82678,0.717662
1.23274,0.0987167
0.0830312,1.48685

Triangle  1589
1.23274,0.0987167
0.685494,-0.36192
-0.331956,0.677241

Triangle  1673
1.19276,0.375527
0.408338,0.14918
0.33202,1.84924

Triangle  1674
0.408338,0.14918
-0.531107,0.0787813
-0.389598,1.77175
0.931915,1.91283
0.0726093,1.3686
1.49119,-0.0350013

Triangle  1675
0.0726093,1.3686
-0.759093,1.11981
0.733828,-0.343953

Triangle  1689
-1.59852,1.33824
-0.36098,1.28321
0.755338,-0.0226401

Triangle  1690
-0.36098,1.28321
0.402861,1.16391
1.65732,-0.273707

Triangle  1691
0.402861,1.16391
1.66352,1.11728
2.56138,-0.191794
2.00612,-0.405805
0.794091,-0.0138499
0.345433,1.67683

Triangle  1692
0.794091,-0.0138499
-0.378566,-0.145427
-0.48943,1.58105

Triangle  3699
0.506889,1.17116
1.21181,1.24727
3.22509,-0.537589

Triangle  3700
0.144735,1.08385
0.506889,1.17116
1.74006,-0.42978
1.90642,-1.951
1.27597,-1.95144
-0.0984167,0.244452

Triangle  3701
-0.400921,1.02297
0.144735,1.08385
1.01253,-0.326476

Triangle  3702
0.0557639,1.51919
0.618343,1.95041
1.07276,0.257963
0.408338,0.14918
1.19276,0.375527
1.7958,-1.39706
-1.04436,0.852617
-0.400921,1.02297
0.117281,-0.184161

Triangle  3703
-0.644314,1.05069
0.0557639,1.51919
0.216888,-0.0877566
-0.531107,0.0787813
0.408338,0.14918
0.461711,-1.40718

Triangle  3704
-0.331956,0.677241
0.0830312,1.48685
1.23274,0.0987167

Triangle  3705
-0.713076,0.16343
-0.331956,0.677241
0.685494,-0.36192

Triangle  3771
0.33202,1.84924
0.925646,1.96128
1.19276,0.375527

Triangle  3772
-0.389598,1.77175
0.33202,1.84924
0.408338,0.14918

Triangle  3773
0.733828,-0.343953
1.49119,-0.0350013
0.0726093,1.3686

Triangle  3774
-0.0915522,-0.882767
0.733828,-0.343953
-0.759093,1.11981

Triangle  3786
0.755338,-0.0226401
-0.0984167,0.244452
-1.59852,1.33824

Triangle  3787
1.65732,-0.273707
0.755338,-0.0226401
-0.36098,1.28321

Triangle  3788
0.216888,-0.0877566
1.07276,0.257963
2.15102,-1.38843
2.56138,-0.191794
1.65732,-0.273707
0.402861,1.16391
0.345433,1.67683
1.50927,1.68214
2.00612,-0.405805

Triangle  3789
-0.48943,1.58105
0.345433,1.67683
0.794091,-0.0138499

